area_id=1106
area_name=6/F
building_name=LSK building
building_scale_value=16.67
north_orientation=180.00
area_altitude=6.00
LatZone=N
LngZone=50
GpsPolygon=218225.9,2472321.9,218239.9,2472268.4,218285.9,2472212.4,218335.4,2472272.1,218239.4,2472341.8
utm_xy_a=-13.285542677882522966115175222512
utm_xy_b=-12.003886788407902130870752444025
utm_xy_c=32577667.685913980007171630859375
utm_xy_d=8.60488906275291753900091862306
utm_xy_e=-12.630912901176007068215767503716
utm_xy_f=29350194.603537391871213912963867
xy_utm_a=0.044147580970510365283576703632207
xy_utm_b=-0.046348645885449443748704823065054
xy_utm_c=218255.68949570049881003797054291
xy_utm_d=-0.049006588699245991203046202144833
xy_utm_e=-0.03173224633009898848490237810438
xy_utm_f=2472367.6841690791770815849304199