area_id=1203
area_name=3/F
building_name=IAS building
building_scale_value=13.33
north_orientation=180.00
area_altitude=3.00
LatZone=N
LngZone=50
GpsPolygon=218413.2,2472179.4,218446.9,2472219.1,218399.7,2472245.7,218370.3,2472208.6
utm_xy_a=-9.7934533639016514428021764615551
utm_xy_b=-14.389330486868631808761165302712
utm_xy_c=37712961.120381005108356475830078
utm_xy_d=13.855169498487265755670705402736
utm_xy_e=-9.8373816912413545310300833079964
utm_xy_f=21294590.520908817648887634277344
xy_utm_a=0.048656360687247407481592631484091
xy_utm_b=-0.033267282652596354142193746383782
xy_utm_c=218397.11116951174335554242134094
xy_utm_d=-0.033115561587441423585520539063509
xy_utm_e=-0.046854044022509526434827620278156
xy_utm_f=2472255.3441856168210506439208984