area_id=1011
area_name=LG5
building_name=academic building
building_scale_value=13.00
north_orientation=180.00
area_altitude=-5.00
LatZone=N
LngZone=50
GpsPolygon=218111.6,2472461.1,218204.5,2472458.8,218234.5,2472675.8,218240.1,2472717.7,218208.9,2472873.2,218073,2472871.6,218052.7,2472523.5
utm_xy_a=-0.12782536819458276133865126666933
utm_xy_b=-13.480117390373468566622250364162
utm_xy_c=33362947.590736657381057739257812
utm_xy_d=-14.137465857076151110049977432936
utm_xy_e=0.27227653892115721845357256825082
utm_xy_f=2412461.0589134013280272483825684
xy_utm_a=-0.0014290869030913731525106458164487
xy_utm_b=-0.070713997092528985133341734581336
xy_utm_c=218269.30585392151260748505592346
xy_utm_d=-0.074123132171918112987007987157995
xy_utm_e=0.0007096983830722248002761953777906
xy_utm_f=2472904.586569395847618579864502